ISPVs,Poste 1,Poste 2,Optionnel 1,Optionnel 2,Poste 3,Poste 4,Poste 5,Optionnel 3,Poste 6,Poste 7,Poste 8,Optionnel 4,Poste 9,Poste 10,Optionnel 5,Optionnel 6,Optionnel 7
Agnes,11,15,12,6,3,10,8,1,2,14,7,13,16,9,5,17,4
Cecile,6,12,4,5,17,10,11,3,13,9,15,2,8,16,7,14,1
Claudine,5,17,11,7,3,1,4,10,6,13,15,14,2,12,9,16,8
Elise,11,10,4,16,3,17,8,1,9,12,14,6,13,15,7,2,5
FCPR,10000000,10000000,7,1,10000000,10000000,10000000,5,10000000,10000000,10000000,2,10000000,10000000,4,6,3
Helene,17,2,13,6,9,1,14,15,10,4,11,5,7,3,12,16,8
Linda,3,1,10000000,4,10000000,10000000,10000000,10000000,10000000,10000000,10000000,10000000,10000000,10000000,10000000,2,10000000
Nathalie,16,3,13,11,6,2,4,10,15,7,8,5,9,1,14,12,17
Sofia,10,11,16,5,2,8,4,15,7,6,9,1,17,3,13,14,12
X,6,3,10,13,7,9,15,2,4,8,17,5,14,1,12,16,11
XX,11,2,17,9,3,14,13,4,5,15,12,8,7,16,6,10,1
XXX,1,2,3,4,5,6,7,8,9,10,11,12,13,14,15,16,17
